00000000000000000000000000
00000000000000000000000000
00330000001111110000003300
00330000111111111100003300
00000001111111111110000000
00000001111111111110000000
33000011113311331111000033
33000011113311331111000033
00000011333311333311000000
00000011333311333311000000
33000011111111111111000033
33000011111111111111000033
33330000113311331100003333
33330000113311331100003333
22222200111111111100222222
22222200111111111100222222
00000000010101010100000000
00000000101010101000000000
02020200000000000000202020
02020200000000000000202020
00000000000000000000000000
10101000000000000000010101
10101000000000000000010101
20202003300111100330020202
20202003300140100330020202
22222003300100100330022222
