00000000000000000000000000
00000000000000000000000000
01110001011110111110111110
01110001011110111110111110
00100001010010100010100000
00100001010010100010100000
10101001011110111110111110
10101001011110111110111110
11111001000010100010000010
11111001000010100010000010
10001001011110111110111110
10001001011110111110111110
00000000000000000000000000
00000000000000000000000000
22002200220022002200220022
22002200220022002200220022
00000000000000000000000000
00000000000000000000000000
01100001100000000011111100
01100001100000000011111100
00010010000000000011000000
00010010000000000000110000
00001100000000000000110000
00001100000111100000001100
00001100000140100011111100
00001100000100100011111100